Materials: 21
"MatD3D01"
0.000000 0.000000 0.000000 1.000000
0.800000 0.800000 0.800000 1.000000
0.000000 0.000000 0.000000 1.000000
0.000000 0.000000 0.000000 1.000000
0.000000
1.000000
"Tex/myroomn02_day_jimen_kage.png"
""
"MatD3D02"
0.000000 0.000000 0.000000 1.000000
0.800000 0.800000 0.800000 1.000000
0.000000 0.000000 0.000000 1.000000
0.000000 0.000000 0.000000 1.000000
0.000000
1.000000
"Tex/myroomn02_day_bedroom_kage.png"
""
"MatD3D03"
0.000000 0.000000 0.000000 1.000000
0.800000 0.800000 0.800000 1.000000
0.000000 0.000000 0.000000 1.000000
0.000000 0.000000 0.000000 1.000000
0.000000
1.000000
"Tex/myroomn02_bg02.png"
""
"MatD3D04"
0.000000 0.000000 0.000000 1.000000
0.800000 0.800000 0.800000 1.000000
0.000000 0.000000 0.000000 1.000000
0.000000 0.000000 0.000000 1.000000
0.000000
1.000000
"Tex/myroomn02_day_kabe_kage.png"
""
"MatD3D05"
0.000000 0.000000 0.000000 1.000000
0.800000 0.800000 0.800000 1.000000
0.000000 0.000000 0.000000 1.000000
0.000000 0.000000 0.000000 1.000000
0.000000
1.000000
"Tex/myroomn02_day_tenjo_kage.png"
""
"MatD3D06"
0.000000 0.000000 0.000000 1.000000
0.800000 0.800000 0.800000 1.000000
0.000000 0.000000 0.000000 1.000000
0.000000 0.000000 0.000000 1.000000
0.000000
1.000000
"Tex/myroomn02_day_tenjo_kage.png"
""
"MatD3D07"
0.000000 0.000000 0.000000 1.000000
0.800000 0.800000 0.800000 1.000000
0.000000 0.000000 0.000000 1.000000
0.000000 0.000000 0.000000 1.000000
0.000000
1.000000
"Tex/myroomn02_day_jimen_kage.png"
""
"MatD3D08"
0.000000 0.000000 0.000000 1.000000
0.800000 0.800000 0.800000 1.000000
0.000000 0.000000 0.000000 1.000000
0.000000 0.000000 0.000000 1.000000
0.000000
1.000000
"Tex/myroomn02_day_jimen_kage.png"
""
"MatD3D09"
0.000000 0.000000 0.000000 1.000000
0.800000 0.800000 0.800000 1.000000
0.000000 0.000000 0.000000 1.000000
0.000000 0.000000 0.000000 1.000000
0.000000
1.000000
"Tex/myroom01_gakuted.png"
""
"MatD3D10"
0.000000 0.000000 0.000000 1.000000
0.800000 0.800000 0.800000 1.000000
0.000000 0.000000 0.000000 1.000000
0.000000 0.000000 0.000000 1.000000
0.000000
1.000000
"Tex/myroomn02_day_tenjo_kage.png"
""
"MatD3D11"
0.000000 0.000000 0.000000 1.000000
0.800000 0.800000 0.800000 1.000000
0.000000 0.000000 0.000000 1.000000
0.000000 0.000000 0.000000 1.000000
0.000000
1.000000
"Tex/myroomn02_day_tenjo_kage.png"
""
"MatD3D12"
0.000000 0.000000 0.000000 1.000000
0.800000 0.800000 0.800000 1.000000
0.000000 0.000000 0.000000 1.000000
0.000000 0.000000 0.000000 1.000000
0.000000
1.000000
"Tex/myroomn02_day_kabe_kage.png"
""
"MatD3D13"
0.000000 0.000000 0.000000 1.000000
0.800000 0.800000 0.800000 1.000000
0.000000 0.000000 0.000000 1.000000
0.000000 0.000000 0.000000 1.000000
0.000000
1.000000
"Tex/myroomn02_day_tenjo_kage.png"
""
"MatD3D14"
0.000000 0.000000 0.000000 1.000000
0.800000 0.800000 0.800000 1.000000
0.000000 0.000000 0.000000 1.000000
0.000000 0.000000 0.000000 1.000000
0.000000
1.000000
"Tex/myroomn02_red01.png"
""
"MatD3D15"
0.000000 0.000000 0.000000 1.000000
0.800000 0.800000 0.800000 1.000000
0.000000 0.000000 0.000000 1.000000
0.000000 0.000000 0.000000 1.000000
0.000000
1.000000
"Tex/myroomn02_day_tenjo_kage.png"
""
"MatD3D16"
0.000000 0.000000 0.000000 1.000000
0.800000 0.800000 0.800000 1.000000
0.000000 0.000000 0.000000 1.000000
0.000000 0.000000 0.000000 1.000000
0.000000
1.000000
"Tex/myroomn02_day_tenjo_kage.png"
""
"MatD3D17"
0.000000 0.000000 0.000000 1.000000
0.800000 0.800000 0.800000 1.000000
0.000000 0.000000 0.000000 1.000000
0.000000 0.000000 0.000000 1.000000
0.000000
1.000000
"Tex/myroomn02_day_jimen_kage.png"
""
"MatD3D18"
0.000000 0.000000 0.000000 1.000000
0.800000 0.800000 0.800000 1.000000
0.000000 0.000000 0.000000 1.000000
0.000000 0.000000 0.000000 1.000000
0.000000
1.000000
"Tex/myroomn02_day_kabe_kage.png"
""
"MatD3D19"
0.000000 0.000000 0.000000 1.000000
0.800000 0.800000 0.800000 1.000000
0.000000 0.000000 0.000000 1.000000
0.000000 0.000000 0.000000 1.000000
0.000000
1.000000
"Tex/myroomn02_day_kabe_kage.png"
""
"MatD3D20"
0.000000 0.000000 0.000000 1.000000
0.800000 0.800000 0.800000 1.000000
0.000000 0.000000 0.000000 1.000000
0.000000 0.000000 0.000000 1.000000
0.000000
1.000000
"Tex/myroomn02_day_kabe_kage.png"
""
"MatD3D21"
0.000000 0.000000 0.000000 1.000000
0.800000 0.800000 0.800000 1.000000
0.000000 0.000000 0.000000 1.000000
0.000000 0.000000 0.000000 1.000000
0.000000
1.000000
"Tex/myroomn02_day_kabe_kage.png"
""