Materials: 12
"Dome"
0.200000 0.200000 0.200000 1.000000
0.800000 0.800000 0.800000 1.000000
1.000000 1.000000 1.000000 1.000000
0.000000 0.000000 0.000000 1.000000
128.000000
1.000000
"dome.bmp"
""
"Grid"
0.200000 0.200000 0.200000 1.000000
0.800000 0.800000 0.800000 1.000000
1.000000 1.000000 1.000000 1.000000
0.000000 0.000000 0.000000 1.000000
0.000000
1.000000
"Grid.bmp"
""
"Design"
0.200000 0.200000 0.200000 1.000000
0.800000 0.800000 0.800000 1.000000
1.000000 1.000000 1.000000 1.000000
0.000000 0.000000 0.000000 1.000000
0.000000
1.000000
"Design.png"
""
"X"
0.200000 0.200000 0.200000 0.000000
0.800000 0.800000 0.800000 0.000000
1.000000 1.000000 1.000000 0.000000
0.000000 0.000000 0.000000 0.000000
12.500000
0.000000
""
""
"triangle"
0.200000 0.200000 0.200000 0.000000
0.800000 0.800000 0.800000 0.000000
1.000000 1.000000 1.000000 0.000000
0.000000 0.000000 0.000000 0.000000
12.500000
0.000000
""
""
"Square"
0.200000 0.200000 0.200000 0.000000
0.800000 0.800000 0.800000 0.000000
1.000000 1.000000 1.000000 0.000000
0.000000 0.000000 0.000000 0.000000
12.500000
0.000000
""
""
"Orbs"
0.200000 0.200000 0.200000 0.000000
0.800000 0.800000 0.800000 0.000000
1.000000 1.000000 1.000000 0.000000
0.000000 0.000000 0.000000 0.000000
12.500000
0.000000
""
""
"Circle"
0.200000 0.200000 0.200000 0.000000
0.800000 0.800000 0.800000 0.000000
1.000000 1.000000 1.000000 0.000000
0.000000 0.000000 0.000000 0.000000
12.500000
0.000000
""
""
"Up"
0.200000 0.200000 0.200000 0.000000
0.800000 0.800000 0.800000 0.000000
1.000000 1.000000 1.000000 0.000000
0.000000 0.000000 0.000000 0.000000
12.500000
0.000000
""
""
"Down"
0.200000 0.200000 0.200000 0.000000
0.800000 0.800000 0.800000 0.000000
1.000000 1.000000 1.000000 0.000000
0.000000 0.000000 0.000000 0.000000
12.500000
0.000000
""
""
"Left"
0.200000 0.200000 0.200000 0.000000
0.800000 0.800000 0.800000 0.000000
1.000000 1.000000 1.000000 0.000000
0.000000 0.000000 0.000000 0.000000
12.500000
0.000000
""
""
"Right"
0.200000 0.200000 0.200000 0.000000
0.800000 0.800000 0.800000 0.000000
1.000000 1.000000 1.000000 0.000000
0.000000 0.000000 0.000000 0.000000
12.500000
0.000000
""
""