Materials: 23
"MatD3D01"
0.000000 0.000000 0.000000 1.000000
0.800000 0.800000 0.800000 1.000000
0.000000 0.000000 0.000000 1.000000
0.000000 0.000000 0.000000 1.000000
0.000000
1.000000
"textures/F_DIVA_STGNS206_KT_KOSYA00.png"
""
"MatD3D02"
0.000000 0.000000 0.000000 1.000000
0.800000 0.800000 0.800000 1.000000
0.000000 0.000000 0.000000 1.000000
0.000000 0.000000 0.000000 1.000000
0.000000
1.000000
"textures/F_DIVA_STGNS206_KT_KOSYA01.png"
""
"MatD3D03"
0.000000 0.000000 0.000000 1.000000
0.800000 0.800000 0.800000 1.000000
0.000000 0.000000 0.000000 1.000000
0.000000 0.000000 0.000000 1.000000
0.000000
1.000000
"textures/F_DIVA_STGNS206_KT_YUKA00.png"
""
"MatD3D04"
0.000000 0.000000 0.000000 1.000000
0.800000 0.800000 0.800000 1.000000
0.000000 0.000000 0.000000 1.000000
0.000000 0.000000 0.000000 1.000000
0.000000
1.000000
"textures/F_DIVA_STGNS206_KT_KAIDANSOTO00.png"
""
"MatD3D05"
0.000000 0.000000 0.000000 1.000000
0.800000 0.800000 0.800000 1.000000
0.000000 0.000000 0.000000 1.000000
0.000000 0.000000 0.000000 1.000000
0.000000
1.000000
"textures/F_DIVA_STGNS206_KT_DOOR00.png"
""
"MatD3D06"
0.000000 0.000000 0.000000 1.000000
0.800000 0.800000 0.800000 1.000000
0.000000 0.000000 0.000000 1.000000
0.000000 0.000000 0.000000 1.000000
0.000000
1.000000
"textures/F_DIVA_STGNS206_KT_GLASS00.png"
""
"MatD3D07"
0.000000 0.000000 0.000000 1.000000
0.800000 0.800000 0.800000 1.000000
0.000000 0.000000 0.000000 1.000000
0.000000 0.000000 0.000000 1.000000
0.000000
1.000000
"textures/F_DIVA_STGNS206_KT_KADAN00.png"
""
"MatD3D08"
0.000000 0.000000 0.000000 1.000000
0.800000 0.800000 0.800000 1.000000
0.000000 0.000000 0.000000 1.000000
0.000000 0.000000 0.000000 1.000000
0.000000
1.000000
"textures/F_DIVA_STGNS206_KT_TANK00.png"
""
"MatD3D09"
0.000000 0.000000 0.000000 1.000000
0.800000 0.800000 0.800000 1.000000
0.000000 0.000000 0.000000 1.000000
0.000000 0.000000 0.000000 1.000000
0.000000
1.000000
"textures/F_DIVA_STGNS206_KT_AIRCON00.png"
""
"MatD3D10"
0.000000 0.000000 0.000000 1.000000
0.800000 0.800000 0.800000 1.000000
0.000000 0.000000 0.000000 1.000000
0.000000 0.000000 0.000000 1.000000
0.000000
1.000000
"textures/F_DIVA_STGNS206_KT_BENCH00.png"
""
"MatD3D11"
0.000000 0.000000 0.000000 1.000000
0.800000 0.800000 0.800000 1.000000
0.000000 0.000000 0.000000 1.000000
0.000000 0.000000 0.000000 1.000000
0.000000
1.000000
"textures/F_DIVA_STGNS206_KT_POLE00.png"
""
"MatD3D12"
0.000000 0.000000 0.000000 1.000000
0.800000 0.800000 0.800000 1.000000
0.000000 0.000000 0.000000 1.000000
0.000000 0.000000 0.000000 1.000000
0.000000
1.000000
"textures/F_DIVA_STGNS206_KT_SPEAKER00.png"
""
"MatD3D13"
0.000000 0.000000 0.000000 1.000000
0.800000 0.800000 0.800000 1.000000
0.000000 0.000000 0.000000 1.000000
0.000000 0.000000 0.000000 1.000000
0.000000
1.000000
"textures/F_DIVA_STGNS206_KT_SKY01.png"
""
"MatD3D14"
0.000000 0.000000 0.000000 1.000000
0.800000 0.800000 0.800000 1.000000
0.000000 0.000000 0.000000 1.000000
0.000000 0.000000 0.000000 1.000000
0.000000
1.000000
"textures/F_DIVA_STGNS206_KT_ENKEI00.png"
""
"MatD3D15"
0.000000 0.000000 0.000000 1.000000
0.800000 0.800000 0.800000 1.000000
0.000000 0.000000 0.000000 1.000000
0.000000 0.000000 0.000000 1.000000
0.000000
1.000000
"textures/F_DIVA_STGNS206_KT_PIPE01.png"
""
"MatD3D16"
0.000000 0.000000 0.000000 1.000000
0.800000 0.800000 0.800000 1.000000
0.000000 0.000000 0.000000 1.000000
0.000000 0.000000 0.000000 1.000000
0.000000
1.000000
"textures/F_DIVA_STGNS206_KT_KAIDANNAKA00.png"
""
"MatD3D17"
0.000000 0.000000 0.000000 1.000000
0.800000 0.800000 0.800000 1.000000
0.000000 0.000000 0.000000 1.000000
0.000000 0.000000 0.000000 1.000000
0.000000
1.000000
"textures/F_DIVA_STGNS206_KT_DOOR01.png"
""
"MatD3D18"
0.000000 0.000000 0.000000 1.000000
0.800000 0.800000 0.800000 1.000000
0.000000 0.000000 0.000000 1.000000
0.000000 0.000000 0.000000 1.000000
0.000000
1.000000
"textures/F_DIVA_STGNS206_KT_GROUND00.png"
""
"MatD3D19"
0.000000 0.000000 0.000000 1.000000
0.800000 0.800000 0.800000 1.000000
0.000000 0.000000 0.000000 1.000000
0.000000 0.000000 0.000000 1.000000
0.000000
1.000000
"textures/F_DIVA_STGNS206_KT_TREE00.png"
""
"MatD3D20"
0.000000 0.000000 0.000000 1.000000
0.800000 0.800000 0.800000 1.000000
0.000000 0.000000 0.000000 1.000000
0.000000 0.000000 0.000000 1.000000
0.000000
1.000000
"textures/F_DIVA_STGNS206_KT_SAK01.png"
""
"MatD3D21"
0.000000 0.000000 0.000000 1.000000
0.800000 0.800000 0.800000 1.000000
0.000000 0.000000 0.000000 1.000000
0.000000 0.000000 0.000000 1.000000
0.000000
1.000000
"textures/F_DIVA_STGNS206_KT_TRASH01.png"
""
"MatD3D22"
0.000000 0.000000 0.000000 1.000000
0.800000 0.800000 0.800000 1.000000
0.000000 0.000000 0.000000 1.000000
0.000000 0.000000 0.000000 1.000000
0.000000
1.000000
"textures/F_DIVA_STGNS206_KT_SAKU00.png"
""
"MatD3D23"
0.000000 0.000000 0.000000 1.000000
0.800000 0.800000 0.800000 1.000000
0.000000 0.000000 0.000000 1.000000
0.000000 0.000000 0.000000 1.000000
0.000000
1.000000
"textures/F_DIVA_STGNS206_KT_FLOWER00.png"
""